-1	-2	-2	-3	-2	0	-2	-3	-2	1	2	-2	6	0	-3	-2	-1	-2	-1	1	0	0	0	0	0	0	0	0	0	0	0	0	100	0	0	0	0	0	0	0	0.33	0.00
0	-1	0	-1	-1	-1	-1	-2	-2	-1	-1	-1	-1	-2	-1	2	5	-3	-2	0	0	0	0	0	0	0	0	0	0	0	0	0	0	0	0	0	100	0	0	0	0.46	0.00
-2	-2	-2	-3	-3	-2	-2	-3	2	-2	-1	-2	-1	3	-3	-2	-2	2	8	-1	0	0	0	0	0	0	0	0	0	0	0	0	0	0	0	0	0	0	100	0	0.85	0.00
-1	0	0	2	-4	2	6	-2	0	-4	-3	1	-2	-4	-1	0	-1	-3	-2	-3	0	0	0	0	0	0	100	0	0	0	0	0	0	0	0	0	0	0	0	0	0.73	0.00
-1	1	0	0	-3	6	2	-2	1	-3	-2	1	0	-4	-1	0	-1	-2	-2	-3	0	0	0	0	0	100	0	0	0	0	0	0	0	0	0	0	0	0	0	0	0.64	0.00
-2	-2	-4	-4	-1	-2	-3	-4	-3	2	4	-3	2	0	-3	-3	-1	-2	-1	1	0	0	0	0	0	0	0	0	0	0	100	0	0	0	0	0	0	0	0	0	0.45	0.00
-2	-2	-2	-3	-3	-2	-2	-3	2	-2	-1	-2	-1	3	-3	-2	-2	2	8	-1	0	0	0	0	0	0	0	0	0	0	0	0	0	0	0	0	0	0	100	0	0.85	0.00
-1	2	0	-1	-3	1	1	-2	-1	-3	-3	5	-2	-4	-1	0	-1	-3	-2	-3	0	0	0	0	0	0	0	0	0	0	0	100	0	0	0	0	0	0	0	0	0.51	0.00
-1	0	0	2	-4	2	6	-2	0	-4	-3	1	-2	-4	-1	0	-1	-3	-2	-3	0	0	0	0	0	0	100	0	0	0	0	0	0	0	0	0	0	0	0	0	0.73	0.00
-3	-3	-3	-4	-3	-4	-4	-4	-1	0	0	-4	0	7	-4	-3	-2	1	3	-1	0	0	0	0	0	0	0	0	0	0	0	0	0	100	0	0	0	0	0	0	0.73	0.00
-2	0	1	-1	-3	1	0	-2	9	-4	-3	-1	-2	-1	-2	-1	-2	-3	2	-4	0	0	0	0	0	0	0	0	100	0	0	0	0	0	0	0	0	0	0	0	0.84	0.00
1	-1	1	0	-1	0	0	0	-1	-3	-3	0	-2	-3	-1	4	2	-3	-2	-2	0	0	0	0	0	0	0	0	0	0	0	0	0	0	0	100	0	0	0	0	0.45	0.00
1	-1	1	0	-1	0	0	0	-1	-3	-3	0	-2	-3	-1	4	2	-3	-2	-2	0	0	0	0	0	0	0	0	0	0	0	0	0	0	0	100	0	0	0	0	0.45	0.00
-1	2	0	-1	-3	1	1	-2	-1	-3	-3	5	-2	-4	-1	0	-1	-3	-2	-3	0	0	0	0	0	0	0	0	0	0	0	100	0	0	0	0	0	0	0	0	0.51	0.00
1	-1	1	0	-1	0	0	0	-1	-3	-3	0	-2	-3	-1	4	2	-3	-2	-2	0	0	0	0	0	0	0	0	0	0	0	0	0	0	0	100	0	0	0	0	0.45	0.00
-3	-3	-3	-4	-3	-4	-4	-4	-1	0	0	-4	0	7	-4	-3	-2	1	3	-1	0	0	0	0	0	0	0	0	0	0	0	0	0	100	0	0	0	0	0	0	0.73	0.00
-1	1	0	0	-3	6	2	-2	1	-3	-2	1	0	-4	-1	0	-1	-2	-2	-3	0	0	0	0	0	100	0	0	0	0	0	0	0	0	0	0	0	0	0	0	0.64	0.00
-1	-2	-2	-2	-3	-1	-1	-2	-2	-3	-3	-1	-3	-4	8	-1	-1	-4	-3	-3	0	0	0	0	0	0	0	0	0	0	0	0	0	0	100	0	0	0	0	0	2.03	0.00
-3	-3	-3	-4	-3	-4	-4	-4	-1	0	0	-4	0	7	-4	-3	-2	1	3	-1	0	0	0	0	0	0	0	0	0	0	0	0	0	100	0	0	0	0	0	0	0.73	0.00
-2	-3	-4	-4	-1	-3	-4	-4	-4	5	2	-3	1	0	-3	-3	-1	-3	-2	3	0	0	0	0	0	0	0	0	0	100	0	0	0	0	0	0	0	0	0	0	0.38	0.00
-2	0	1	-1	-3	1	0	-2	9	-4	-3	-1	-2	-1	-2	-1	-2	-3	2	-4	0	0	0	0	0	0	0	0	100	0	0	0	0	0	0	0	0	0	0	0	0.84	0.00
-2	-2	-4	-4	-1	-2	-3	-4	-3	2	4	-3	2	0	-3	-3	-1	-2	-1	1	0	0	0	0	0	0	0	0	0	0	100	0	0	0	0	0	0	0	0	0	0.45	0.00
-2	-2	1	7	-4	0	2	-1	-1	-4	-4	-1	-3	-4	-2	0	-1	-5	-3	-4	0	0	0	100	0	0	0	0	0	0	0	0	0	0	0	0	0	0	0	0	0.92	0.00
0	-1	0	-1	-1	-1	-1	-2	-2	-1	-1	-1	-1	-2	-1	2	5	-3	-2	0	0	0	0	0	0	0	0	0	0	0	0	0	0	0	0	0	100	0	0	0	0.46	0.00
-1	1	0	0	-3	6	2	-2	1	-3	-2	1	0	-4	-1	0	-1	-2	-2	-3	0	0	0	0	0	100	0	0	0	0	0	0	0	0	0	0	0	0	0	0	0.64	0.00
-1	-2	-2	-2	-3	-1	-1	-2	-2	-3	-3	-1	-3	-4	8	-1	-1	-4	-3	-3	0	0	0	0	0	0	0	0	0	0	0	0	0	0	100	0	0	0	0	0	2.03	0.00
-1	2	0	-1	-3	1	1	-2	-1	-3	-3	5	-2	-4	-1	0	-1	-3	-2	-3	0	0	0	0	0	0	0	0	0	0	0	100	0	0	0	0	0	0	0	0	0.51	0.00
-3	-3	-3	-4	-3	-4	-4	-4	-1	0	0	-4	0	7	-4	-3	-2	1	3	-1	0	0	0	0	0	0	0	0	0	0	0	0	0	100	0	0	0	0	0	0	0.73	0.00
4	-2	-2	-2	0	-1	-1	0	-2	-2	-2	-1	-1	-3	-1	1	0	-3	-2	0	100	0	0	0	0	0	0	0	0	0	0	0	0	0	0	0	0	0	0	0	0.40	0.00
-2	-3	-4	-4	-1	-3	-4	-4	-4	5	2	-3	1	0	-3	-3	-1	-3	-2	3	0	0	0	0	0	0	0	0	0	100	0	0	0	0	0	0	0	0	0	0	0.38	0.00
0	-4	-3	-4	10	-3	-4	-3	-3	-1	-1	-3	-2	-3	-3	-1	-1	-3	-3	-1	0	0	0	0	100	0	0	0	0	0	0	0	0	0	0	0	0	0	0	0	1.19	0.00
0	-3	0	-1	-3	-2	-2	6	-2	-4	-4	-2	-3	-4	-2	0	-2	-3	-3	-4	0	0	0	0	0	0	0	100	0	0	0	0	0	0	0	0	0	0	0	0	1.04	0.00
-2	-2	-4	-4	-1	-2	-3	-4	-3	2	4	-3	2	0	-3	-3	-1	-2	-1	1	0	0	0	0	0	0	0	0	0	0	100	0	0	0	0	0	0	0	0	0	0.45	0.00
-2	-3	-4	-4	-1	-3	-4	-4	-4	5	2	-3	1	0	-3	-3	-1	-3	-2	3	0	0	0	0	0	0	0	0	0	100	0	0	0	0	0	0	0	0	0	0	0.38	0.00
0	-3	-3	-4	-1	-3	-3	-4	-4	3	1	-3	1	-1	-3	-2	0	-3	-1	4	0	0	0	0	0	0	0	0	0	0	0	0	0	0	0	0	0	0	0	100	0.34	0.00
0	-1	0	-1	-1	-1	-1	-2	-2	-1	-1	-1	-1	-2	-1	2	5	-3	-2	0	0	0	0	0	0	0	0	0	0	0	0	0	0	0	0	0	100	0	0	0	0.46	0.00
-2	-2	-4	-4	-1	-2	-3	-4	-3	2	4	-3	2	0	-3	-3	-1	-2	-1	1	0	0	0	0	0	0	0	0	0	0	100	0	0	0	0	0	0	0	0	0	0.45	0.00
4	-2	-2	-2	0	-1	-1	0	-2	-2	-2	-1	-1	-3	-1	1	0	-3	-2	0	100	0	0	0	0	0	0	0	0	0	0	0	0	0	0	0	0	0	0	0	0.40	0.00
0	-3	-3	-4	-1	-3	-3	-4	-4	3	1	-3	1	-1	-3	-2	0	-3	-1	4	0	0	0	0	0	0	0	0	0	0	0	0	0	0	0	0	0	0	0	100	0.34	0.00
-2	-2	-4	-4	-1	-2	-3	-4	-3	2	4	-3	2	0	-3	-3	-1	-2	-1	1	0	0	0	0	0	0	0	0	0	0	100	0	0	0	0	0	0	0	0	0	0.45	0.00
1	-1	1	0	-1	0	0	0	-1	-3	-3	0	-2	-3	-1	4	2	-3	-2	-2	0	0	0	0	0	0	0	0	0	0	0	0	0	0	0	100	0	0	0	0	0.45	0.00
1	-1	1	0	-1	0	0	0	-1	-3	-3	0	-2	-3	-1	4	2	-3	-2	-2	0	0	0	0	0	0	0	0	0	0	0	0	0	0	0	100	0	0	0	0	0.45	0.00
4	-2	-2	-2	0	-1	-1	0	-2	-2	-2	-1	-1	-3	-1	1	0	-3	-2	0	100	0	0	0	0	0	0	0	0	0	0	0	0	0	0	0	0	0	0	0	0.40	0.00
-2	-2	-4	-4	-1	-2	-3	-4	-3	2	4	-3	2	0	-3	-3	-1	-2	-1	1	0	0	0	0	0	0	0	0	0	0	100	0	0	0	0	0	0	0	0	0	0.45	0.00
-3	-3	-3	-4	-3	-4	-4	-4	-1	0	0	-4	0	7	-4	-3	-2	1	3	-1	0	0	0	0	0	0	0	0	0	0	0	0	0	100	0	0	0	0	0	0	0.73	0.00
3	-1	-1	-2	-1	-1	-1	-1	-2	-1	-2	-1	-1	-2	-1	1	4	-3	-2	0	50	0	0	0	0	0	0	0	0	0	0	0	0	0	0	0	50	0	0	0	0.31	0.00
0	-3	-3	-4	-1	-3	-3	-4	-4	3	1	-3	1	-1	-3	-2	0	-3	-1	4	0	0	0	0	0	0	0	0	0	0	0	0	0	0	0	0	0	0	0	100	0.34	0.00
0	-3	0	-1	-3	-2	-2	6	-2	-4	-4	-2	-3	-4	-2	0	-2	-3	-3	-4	0	0	0	0	0	0	0	100	0	0	0	0	0	0	0	0	0	0	0	0	1.04	0.00
1	-1	1	0	-1	0	0	0	-1	-3	-3	0	-2	-3	-1	4	2	-3	-2	-2	0	0	0	0	0	0	0	0	0	0	0	0	0	0	0	100	0	0	0	0	0.45	0.00
-1	2	0	-1	-3	1	1	-2	-1	-3	-3	5	-2	-4	-1	0	-1	-3	-2	-3	0	0	0	0	0	0	0	0	0	0	0	100	0	0	0	0	0	0	0	0	0.51	0.00
1	-1	1	0	-1	0	0	0	-1	-3	-3	0	-2	-3	-1	4	2	-3	-2	-2	0	0	0	0	0	0	0	0	0	0	0	0	0	0	0	100	0	0	0	0	0.45	0.00
1	-1	1	0	-1	0	0	0	-1	-3	-3	0	-2	-3	-1	4	2	-3	-2	-2	0	0	0	0	0	0	0	0	0	0	0	0	0	0	0	100	0	0	0	0	0.45	0.00
-2	-2	-2	-3	-3	-2	-2	-3	2	-2	-1	-2	-1	3	-3	-2	-2	2	8	-1	0	0	0	0	0	0	0	0	0	0	0	0	0	0	0	0	0	0	100	0	0.85	0.00
-2	-3	-4	-4	-1	-3	-4	-4	-4	5	2	-3	1	0	-3	-3	-1	-3	-2	3	0	0	0	0	0	0	0	0	0	100	0	0	0	0	0	0	0	0	0	0	0.38	0.00
-1	2	0	-1	-3	1	1	-2	-1	-3	-3	5	-2	-4	-1	0	-1	-3	-2	-3	0	0	0	0	0	0	0	0	0	0	0	100	0	0	0	0	0	0	0	0	0.51	0.00
-1	2	0	-1	-3	1	1	-2	-1	-3	-3	5	-2	-4	-1	0	-1	-3	-2	-3	0	0	0	0	0	0	0	0	0	0	0	100	0	0	0	0	0	0	0	0	0.51	0.00
-2	-2	-4	-4	-1	-2	-3	-4	-3	2	4	-3	2	0	-3	-3	-1	-2	-1	1	0	0	0	0	0	0	0	0	0	0	100	0	0	0	0	0	0	0	0	0	0.45	0.00
-3	-3	-3	-4	-3	-4	-4	-4	-1	0	0	-4	0	7	-4	-3	-2	1	3	-1	0	0	0	0	0	0	0	0	0	0	0	0	0	100	0	0	0	0	0	0	0.73	0.00
-3	-3	-3	-4	-3	-4	-4	-4	-1	0	0	-4	0	7	-4	-3	-2	1	3	-1	0	0	0	0	0	0	0	0	0	0	0	0	0	100	0	0	0	0	0	0	0.73	0.00
-2	-2	-2	-3	-3	-2	-2	-3	2	-2	-1	-2	-1	3	-3	-2	-2	2	8	-1	0	0	0	0	0	0	0	0	0	0	0	0	0	0	0	0	0	0	100	0	0.85	0.00
0	-1	0	-1	-1	-1	-1	-2	-2	-1	-1	-1	-1	-2	-1	2	5	-3	-2	0	0	0	0	0	0	0	0	0	0	0	0	0	0	0	0	0	100	0	0	0	0.46	0.00
-2	-3	-4	-4	-1	-3	-4	-4	-4	5	2	-3	1	0	-3	-3	-1	-3	-2	3	0	0	0	0	0	0	0	0	0	100	0	0	0	0	0	0	0	0	0	0	0.38	0.00
-2	-2	-4	-4	-1	-2	-3	-4	-3	2	4	-3	2	0	-3	-3	-1	-2	-1	1	0	0	0	0	0	0	0	0	0	0	100	0	0	0	0	0	0	0	0	0	0.45	0.00
1	-1	1	0	-1	0	0	0	-1	-3	-3	0	-2	-3	-1	4	2	-3	-2	-2	0	0	0	0	0	0	0	0	0	0	0	0	0	0	0	100	0	0	0	0	0.45	0.00
0	-3	-3	-4	-1	-3	-3	-4	-4	3	1	-3	1	-1	-3	-2	0	-3	-1	4	0	0	0	0	0	0	0	0	0	0	0	0	0	0	0	0	0	0	0	100	0.34	0.00
-2	-3	-4	-4	-1	-3	-4	-4	-4	5	2	-3	1	0	-3	-3	-1	-3	-2	3	0	0	0	0	0	0	0	0	0	100	0	0	0	0	0	0	0	0	0	0	0.38	0.00
0	-3	0	-1	-3	-2	-2	6	-2	-4	-4	-2	-3	-4	-2	0	-2	-3	-3	-4	0	0	0	0	0	0	0	100	0	0	0	0	0	0	0	0	0	0	0	0	1.04	0.00
1	-1	1	0	-1	0	0	0	-1	-3	-3	0	-2	-3	-1	4	2	-3	-2	-2	0	0	0	0	0	0	0	0	0	0	0	0	0	0	0	100	0	0	0	0	0.45	0.00
-2	-2	-4	-4	-1	-2	-3	-4	-3	2	4	-3	2	0	-3	-3	-1	-2	-1	1	0	0	0	0	0	0	0	0	0	0	100	0	0	0	0	0	0	0	0	0	0.45	0.00
-3	-3	-3	-4	-3	-4	-4	-4	-1	0	0	-4	0	7	-4	-3	-2	1	3	-1	0	0	0	0	0	0	0	0	0	0	0	0	0	100	0	0	0	0	0	0	0.73	0.00
4	-2	-2	-2	0	-1	-1	0	-2	-2	-2	-1	-1	-3	-1	1	0	-3	-2	0	100	0	0	0	0	0	0	0	0	0	0	0	0	0	0	0	0	0	0	0	0.40	0.00
0	-3	0	-1	-3	-2	-2	6	-2	-4	-4	-2	-3	-4	-2	0	-2	-3	-3	-4	0	0	0	0	0	0	0	100	0	0	0	0	0	0	0	0	0	0	0	0	1.04	0.00
-2	-2	-4	-4	-1	-2	-3	-4	-3	2	4	-3	2	0	-3	-3	-1	-2	-1	1	0	0	0	0	0	0	0	0	0	0	100	0	0	0	0	0	0	0	0	0	0.45	0.00
0	-1	0	-1	-1	-1	-1	-2	-2	-1	-1	-1	-1	-2	-1	2	5	-3	-2	0	0	0	0	0	0	0	0	0	0	0	0	0	0	0	0	0	100	0	0	0	0.46	0.00
0	-1	0	-1	-1	-1	-1	-2	-2	-1	-1	-1	-1	-2	-1	2	5	-3	-2	0	0	0	0	0	0	0	0	0	0	0	0	0	0	0	0	0	100	0	0	0	0.46	0.00
0	-3	-3	-4	-1	-3	-3	-4	-4	3	1	-3	1	-1	-3	-2	0	-3	-1	4	0	0	0	0	0	0	0	0	0	0	0	0	0	0	0	0	0	0	0	100	0.34	0.00
-3	-3	-3	-4	-3	-4	-4	-4	-1	0	0	-4	0	7	-4	-3	-2	1	3	-1	0	0	0	0	0	0	0	0	0	0	0	0	0	100	0	0	0	0	0	0	0.73	0.00
4	-2	-2	-2	0	-1	-1	0	-2	-2	-2	-1	-1	-3	-1	1	0	-3	-2	0	100	0	0	0	0	0	0	0	0	0	0	0	0	0	0	0	0	0	0	0	0.40	0.00
1	-1	1	0	-1	0	0	0	-1	-3	-3	0	-2	-3	-1	4	2	-3	-2	-2	0	0	0	0	0	0	0	0	0	0	0	0	0	0	0	100	0	0	0	0	0.45	0.00
-2	-1	6	1	-3	0	0	0	1	-4	-4	0	-2	-3	-2	1	0	-4	-2	-3	0	0	100	0	0	0	0	0	0	0	0	0	0	0	0	0	0	0	0	0	0.72	0.00
1	-1	1	0	-1	0	0	0	-1	-3	-3	0	-2	-3	-1	4	2	-3	-2	-2	0	0	0	0	0	0	0	0	0	0	0	0	0	0	0	100	0	0	0	0	0.45	0.00
-3	-3	-3	-4	-3	-4	-4	-4	-1	0	0	-4	0	7	-4	-3	-2	1	3	-1	0	0	0	0	0	0	0	0	0	0	0	0	0	100	0	0	0	0	0	0	0.73	0.00
0	-3	0	-1	-3	-2	-2	6	-2	-4	-4	-2	-3	-4	-2	0	-2	-3	-3	-4	0	0	0	0	0	0	0	100	0	0	0	0	0	0	0	0	0	0	0	0	1.04	0.00
0	-3	-3	-4	-1	-3	-3	-4	-4	3	1	-3	1	-1	-3	-2	0	-3	-1	4	0	0	0	0	0	0	0	0	0	0	0	0	0	0	0	0	0	0	0	100	0.34	0.00
-2	-2	-2	-3	-3	-2	-2	-3	2	-2	-1	-2	-1	3	-3	-2	-2	2	8	-1	0	0	0	0	0	0	0	0	0	0	0	0	0	0	0	0	0	0	100	0	0.85	0.00
0	-3	-3	-4	-1	-3	-3	-4	-4	3	1	-3	1	-1	-3	-2	0	-3	-1	4	0	0	0	0	0	0	0	0	0	0	0	0	0	0	0	0	0	0	0	100	0.34	0.00
